100 300
0 1
0 2
0 3
0 4
1 5
1 6
1 7
2 8
2 9
2 10
3 11
3 12
3 13
4 14
4 15
4 16
5 17
5 18
6 19
6 20
7 21
7 22
8 23
8 24
9 25
9 26
10 27
10 28
11 29
11 30
12 31
12 32
13 33
13 34
14 35
14 36
15 37
15 38
16 39
16 40
17 41
18 42
19 43
20 44
21 45
22 46
23 47
24 48
25 49
26 50
27 51
28 52
29 53
30 54
31 55
32 56
33 57
34 58
35 59
36 60
37 61
38 62
39 63
40 64
41 65
42 66
43 67
44 68
45 69
46 70
47 71
48 72
49 73
50 74
51 75
52 76
53 77
54 78
55 79
56 80
57 81
58 82
59 83
60 84
61 85
62 86
63 87
64 88
65 89
66 90
67 91
68 92
69 93
70 94
71 95
72 96
73 97
74 98
75 99

0 50
1 51
2 52
3 53
4 54
5 55
6 56
7 57
8 58
9 59
10 60
11 61
12 62
13 63
14 64
15 65
16 66
17 67
18 68
19 69
20 70
21 71
22 72
23 73
24 74
25 75
26 76
27 77
28 78
29 79
30 80
31 81
32 82
33 83
34 84
35 85
36 86
37 87
38 88
39 89
40 90
41 91
42 92
43 93
44 94
45 95
46 96
47 97
48 98
49 99

10 20
20 30
30 40
40 50
50 60
60 70
70 80
80 90
90 99
5 25
25 45
45 65
65 85
15 35
35 55
55 75
75 95
